12
23
33
100
122
138
141
149
49
151
163
64
165
176
177
192
217
26
219
221
28
231
162
234
246
252
289
295
328
338
350
220
322
354
365
70
378
379
380
11
256
411
17
412
420
432
446
449
452
466
471
474
31
147
237
240
386
448
480
481
514
530
539
560
563
58
8
135
38
260
456
580
586
587
76
30
244
441
526
599
146
156
418
588
602
610
626
91
648
649
657
659
666
136
285
40
381
423
669
680
690
691
203
5
454
538
551
683
713
722
732
45
127
343
36
228
679
272
699
719
16
194
247
276
493
565
734
745
749
750
751
395
344
667
6
716
741
762
766
87
130
15
253
68
269
85
281
362
593
254
307
317
427
464
478
50
801
802
809
204
120
532
207
678
226
695
746
811
22
181
573
67
222
685
525
793
807
517
101
572
398
613
743
816
139
25
291
615
620
675
682
731
769
403
179
791
193
827
829
145
258
293
82
336
444
740
744
830
63
117
299
131
568
518
607
645
652
392
102
287
98
405
705
760
786
832
458
838
839
168
4
159
438
302
439
548
777
847
850
369
113
554
324
665
671
753
795
819
290
14
414
499
598
94
606
706
715
301
124
385
44
482
513
758
763
848
24
148
280
32
662
647
708
72
799
232
105
443
185
733
337
767
781
817
212
167
356
41
47
416
453
502
635
347
209
402
429
583
536
631
644
768
401
169
488
29
785
808
831
859
288
103
509
292
724
855
861
865
870
316
189
345
372
407
442
504
813
853
196
161
348
9
53
84
399
643
804
42
19
430
190
465
485
562
619
653
108
48
154
56
489
497
535
592
871
872
874
330
137
349
80
373
634
640
754
824
211
107
318
367
543
7
711
720
792
3
377
540
46
651
701
770
851
876
366
173
575
74
467
581
621
764
805
250
152
313
320
529
533
561
761
794
266
150
341
286
677
311
702
712
822
303
223
437
415
501
460
582
718
765
224
143
476
239
519
520
630
877
346
134
155
425
638
73
727
742
818
216
202
267
421
578
477
663
748
878
178
13
596
77
241
556
684
723
879
359
158
364
88
262
339
609
797
89
183
233
255
472
739
564
815
875
881
884
271
153
570
213
589
611
646
686
820
368
197
376
384
400
424
428
527
674
387
157
413
43
325
436
544
60
595
393
263
483
34
487
542
625
627
782
355
125
784
191
837
845
885
97
888
335
225
628
279
655
296
790
842
883
235
351
475
71
491
604
773
95
844
408
110
603
323
623
633
681
92
863
637
65
186
660
284
755
759
771
775
394
294
468
310
486
696
789
79
826
528
111
571
59
360
591
687
693
803
174
342
61
388
391
654
726
814
846
245
261
265
282
304
577
594
622
629
433
457
57
498
800
840
889
891
128
1
490
96
329
534
550
747
787
251
160
492
200
810
825
836
854
892
236
126
410
249
434
576
636
688
700
334
35
208
375
21
494
567
99
590
264
140
495
144
500
553
600
66
639
243
227
396
397
422
510
512
729
858
129
171
195
326
358
511
569
823
867
894
52
198
214
37
215
516
668
710
835
383
308
531
618
776
796
834
869
895
332
238
503
612
614
658
698
857
896
230
389
426
473
661
704
774
86
898
899
