414
515
227
229
872
780
308
764
832
642
190
446
709
315
744
469
561
364
313
385
320
866
391
376
669
546
205
466
220
513
616
238
757
608
475
417
301
714
341
613
399
496
398
431
536
801
375
360
565
816
299
235
333
705
122
440
394
549
779
206
270
239
657
209
688
697
743
249
245
703
559
889
233
814
312
580
886
528
218
560
888
815
511
729
497
147
197
317
516
463
666
421
193
467
223
396
473
724
687
150
782
652
679
653
178
332
882
541
876
749
692
720
402
470
472
259
382
881
284
739
760
628
285
736
535
662
416
805
835
617
246
661
774
530
875
447
765
130
518
410
763
425
658
266
448
871
355
665
154
854
641
368
847
551
758
141
595
152
418
450
700
237
822
465
454
848
171
715
226
794
609
243
409
321
292
842
208
879
498
567
797
582
752
840
356
698
169
796
461
841
846
825
316
740
430
158
867
529
564
597
487
392
217
891
607
474
790
370
802
649
322
456
468
146
424
294
770
387
742
750
263
671
677
624
361
462
870
868
369
286
477
622
175
711
591
486
330
897
162
144
631
694
390
586
343
812
570
434
598
428
319
339
140
230
759
204
723
276
221
254
880
713
572
761
336
231
423
422
277
543
824
514
384
161
747
271
767
170
606
264
242
458
275
163
590
863
302
490
180
135
781
834
260
177
438
647
557
340
521
644
544
310
267
191
303
183
745
441
327
507
722
248
365
359
363
656
179
172
777
531
836
726
630
407
153
353
156
675
194
184
326
460
818
566
482
395
346
331
584
201
427
633
766
432
768
503
680
347
132
830
837
857
603
596
344
451
379
769
224
484
795
196
525
865
244
281
568
413
691
452
174
786
887
389
478
534
335
501
374
683
817
710
345
377
214
510
558
199
342
185
210
311
500
611
587
383
265
236
129
826
674
575
553
240
659
696
165
538
293
443
706
241
291
645
488
853
436
256
298
297
268
605
685
127
884
788
756
550
626
426
737
898
148
839
262
577
731
182
247
793
604
670
429
620
433
216
166
537
296
798
373
213
125
542
520
124
212
719
261
843
772
155
878
783
273
453
573
401
803
195
329
157
899
639
464
650
707
222
583
282
693
728
251
405
252
563
202
512
775
136
791
592
806
776
533
393
459
307
164
289
738
684
804
663
126
540
225
439
702
295
820
612
323
717
660
632
403
351
354
885
283
151
532
686
362
314
198
137
823
526
318
483
380
274
787
547
397
167
643
381
200
187
844
306
258
495
176
328
120
168
290
288
690
727
828
133
755
476
689
625
574
352
269
367
892
404
449
134
856
287
629
581
305
784
250
131
748
371
638
234
437
618
192
862
861
278
272
280
203
279
849
149
860
522
481
349
337
601
845
635
539
219
188
827
509
215
667
672
123
800
807
121
406
773
831
673
160
725
471
338
442
142
228
893
754
480
896
145
411
545
569
435
810
721
300
829
386
527
819
419
730
789
358
851
753
648
415
619
400
554
808
502
623
253
519
378
412
552
664
506
838
676
408
646
640
894
874
257
494
699
771
309
420
492
211
517
388
877
555
508
678
716
523
602
181
734
588
634
499
491
324
357
821
207
741
712
627
159
128
366
