100
122
138
-
165
177
192
-
289
295
328
-
176
217
26
-
446
449
452
-
481
514
560
-
471
539
580
-
31
386
480
-
135
38
456
-
244
526
657
-
156
602
649
-
136
381
751
-
454
766
87
-
45
699
719
-
741
801
802
-
281
362
593
-
247
749
762
-
695
746
816
-
464
827
829
-
22
793
807
-
291
682
769
-
293
82
830
-
613
847
859
-
861
865
870
-
63
645
652
-
855
871
872
-
442
504
813
-
405
786
839
-
373
640
754
-
399
643
804
-
439
548
777
-
367
711
720
-
465
562
619
-
671
753
795
-
701
770
851
-
489
535
592
-
414
706
715
-
581
621
764
-
425
727
742
-
513
758
763
-
313
561
761
-
267
748
878
-
708
72
799
-
702
712
822
-
684
723
879
-
767
781
817
-
582
718
765
-
609
797
89
-
416
502
635
-
630
881
884
-
815
875
888
-
631
644
768
-
646
686
820
-
790
842
883
-
808
831
889
-
424
428
527
-
604
773
95
-
534
550
747
-
436
544
60
-
633
681
92
-
825
836
854
-
542
625
627
-
755
759
771
-
576
636
688
-
845
885
97
-
696
789
79
-
494
567
99
-
52
668
710
-
591
687
693
-
553
600
66
-
776
796
834
-
388
654
726
-
422
510
512
-
614
658
698
-
304
577
594
-
358
511
569
-
473
661
704
-
498
800
840
-
