231
162
246
252
289
295
328
338
350
220
322
379
481
514
560
563
58
8
135
38
260
456
610
626
91
648
666
136
285
40
381
423
734
745
750
751
395
344
667
6
716
741
801
802
809
204
120
532
207
678
226
695
746
816
139
25
291
615
620
675
682
731
769
403
179
791
193
832
458
861
865
870
316
189
345
372
407
442
504
813
853
196
161
348
9
53
84
399
643
804
42
19
430
190
465
485
562
619
653
108
48
154
56
489
497
535
592
877
346
134
155
425
638
73
727
742
818
216
202
267
421
578
477
663
748
878
178
13
596
77
241
556
684
723
879
359
158
364
88
262
339
609
797
89
183
233
255
472
739
564
815
875
888
335
225
628
279
655
296
790
842
883
235
351
475
71
491
604
773
95
844
408
110
603
323
623
633
681
92
863
637
65
186
660
284
755
759
771
775
394
294
468
310
486
696
789
79
826
528
111
571
59
360
591
687
693
803
174
342
61
388
391
654
726
814
846
245
261
265
282
304
577
594
622
629
433
457
57
498
800
840
899
