151
163
64
165
177
192
219
221
28
411
17
412
432
446
449
452
466
474
31
147
237
240
386
448
480
530
599
146
156
418
588
602
649
669
722
732
45
127
343
36
228
679
272
699
719
16
194
247
276
493
565
749
762
811
22
181
573
67
222
685
525
793
807
517
101
572
398
613
743
838
847
859
288
103
509
292
724
855
871
872
874
330
137
349
80
373
634
640
754
824
211
107
318
367
543
7
711
720
792
3
377
540
46
651
701
770
851
876
366
173
575
74
467
581
621
764
805
250
152
313
320
529
533
561
761
794
266
150
341
286
677
311
702
712
822
303
223
437
415
501
460
582
718
765
224
143
476
239
519
520
630
881
884
271
153
570
213
589
611
646
686
820
368
197
376
384
400
424
428
527
674
387
157
413
43
325
436
544
60
595
393
263
483
34
487
542
625
627
782
355
125
784
191
837
845
885
97
894
52
198
214
37
215
516
668
710
835
383
308
531
618
776
796
834
869
895
332
238
503
612
614
658
698
857
896
230
389
426
473
661
704
774
86
898
