141
149
49
-
219
221
28
-
162
338
350
-
234
378
380
-
17
466
474
-
563
58
8
-
586
587
76
-
448
530
599
-
260
648
666
-
30
441
659
-
418
669
732
-
285
40
423
-
203
5
551
-
127
228
272
-
344
6
809
-
15
269
85
-
194
276
811
-
120
207
226
-
307
478
50
-
181
222
525
-
139
25
731
-
145
258
444
-
101
398
743
-
179
193
458
-
117
131
518
-
103
292
874
-
189
372
853
-
102
287
98
-
137
80
824
-
161
53
84
-
159
302
850
-
107
318
792
-
19
190
653
-
113
324
819
-
377
46
876
-
154
56
877
-
14
499
94
-
173
467
805
-
134
155
818
-
124
44
848
-
152
320
794
-
202
421
477
-
148
32
647
-
150
286
311
-
13
241
556
-
105
185
337
-
223
415
460
-
158
262
339
-
167
41
453
-
143
239
520
-
233
472
564
-
209
429
536
-
153
213
611
-
225
279
296
-
169
29
891
-
197
384
674
-
351
71
844
-
1
329
787
-
157
325
595
-
110
323
863
-
160
200
892
-
263
34
782
-
186
284
775
-
126
249
700
-
125
191
894
-
294
310
826
-
208
21
590
-
198
37
835
-
111
360
803
-
140
144
639
-
308
869
895
-
391
814
846
-
227
729
858
-
238
857
896
-
282
622
629
-
195
823
867
-
774
86
898
-
899
