237+141
146
147
150
152
154
158
162
169
171
175
178
193
197
206
208
209
217
218
220
223
226
229
233
235
237
238
239
243
245
246
249
259
263
266
270
284
285
286
292
294
299
301
308
312
313
315
316
317
320
321
322
330
332
333
341
355
356
360
361
364
368
369
370
375
376
382
385
387
390
391
392
394
396
398
399
402
409
410
414
416
417
418
421
424
425
430
431
440
446
447
448
450
454
456
461
462
463
465
466
467
468
469
470
472
473
474
475
477
486
487
496
497
498
511
513
515
516
518
528
529
530
535
536
541
546
549
551
559
560
561
564
565
567
580
582
591
595
597
607
608
609
613
616
617
622
624
628
631
641
642
649
652
653
657
658
661
662
665
666
669
671
677
679
687
688
692
694
697
698
700
703
705
709
711
714
715
720
724
729
736
739
740
742
743
744
749
750
752
757
758
760
763
764
765
770
774
779
780
782
790
794
796
797
801
802
805
814
815
816
822
825
832
835
840
841
842
846
847
848
854
866
867
868
870
871
872
875
876
879
881
882
886
888
889
891
897
-
