12
49
221
246
252
474
58
563
580
-
365
163
411
446
449
466
481
750
870
-
11
240
31
386
456
657
659
734
830
-
38
147
237
418
526
588
669
801
891
-
207
101
262
108
255
339
47
502
635
-
131
143
204
228
272
343
6
68
593
-
45
194
239
414
477
72
662
708
799
-
159
290
356
359
364
543
711
720
792
-
7
183
344
362
85
685
793
847
884
-
36
203
421
465
564
583
631
644
768
-
42
154
302
509
598
606
706
94
715
-
223
288
613
645
731
740
744
82
878
-
181
299
472
554
665
671
753
795
819
-
107
224
416
430
485
56
562
619
653
-
117
212
291
336
377
497
535
592
896
-
292
453
519
536
570
589
646
686
820
-
233
369
372
393
487
542
625
627
782
-
148
235
323
394
43
436
544
60
595
-
215
413
429
442
575
504
621
764
805
-
190
74
96
200
279
534
550
747
787
-
197
225
329
349
373
482
758
763
848
-
191
385
499
611
628
655
790
842
883
-
103
3
351
392
405
638
727
742
818
-
71
73
155
251
308
654
726
814
846
-
102
61
113
153
209
368
400
527
674
-
376
424
467
483
488
785
808
831
97
-
